5223.260730068053
4150.400945020984
3173.825348834894
2484.33555867542
2469.7533346976293
2506.170899022604
1877.685571356404
1287.200610856304
989.8941976868008
850.4566234042566
831.4902454834198
784.9600404917472
748.3537993870588
718.739667483102
596.0425884876579
593.4346332299724
597.8187871730187
477.4959124392622
408.2357182681757
389.0130522431989
323.11185959859824
310.4316188259774
371.8454101158651
376.48585216305145
314.0469084566034
311.0746986185888
360.06453723999573
311.8661000391514
281.77974707867673
339.51535647803394
255.6504012210148
302.5448607930164
219.36334048037088
258.5597187991249
165.92645565601316
207.3261795003614
179.4206349573387
228.41047357874567
185.81473858174363
172.00137891637343
197.89697377803748
167.81062081756284
174.2901538100144
181.02597490660608
87.60131034293187
168.9662768184544
99.51268680313235
165.90863761239316
138.87992385797975
161.97416761772263
150.4270457378512
111.76578073551964
151.04758842232033
107.575022636709
127.69705655843734
95.68618328465077
118.69499767634694
100.3266253318371
106.01475690372612
101.20345612044636
70.32570173940914
80.91056346262462
123.1645809874399
75.92840394325145
94.21134691971456
69.89855489917562
68.93629474251966
80.39798725434441
69.64226679503551
100.43459180802604
103.23594290994718
59.67794775628917
58.63025823158651
56.70573791827461
70.9687815320205
74.73239279059761
76.3151956317227
56.984563130556936
66.52173532906977
50.16331266591855
44.30432235793613
49.1156231412159
